input			r  	timeHuber	time1 		time2 		
10_0.15_201_binary_adj	2	1.837200 	0.015600 	0.011900 
10_0.15_202_binary_adj	2	0.940200 	0.012500 	0.011800 
10_0.15_203_binary_adj	2	2.792800 	0.011900 	0.010900 
10_0.15_204_binary_adj	2	1.019900 	0.013800 	0.009500 
10_0.15_205_binary_adj	2	0.011400 	0.056700 	0.011800 
10_0.15_206_binary_adj	3	127.944300 	0.471200 	0.020500 
10_0.15_207_binary_adj	3	75.298100 	0.117100 	0.016100 
10_0.15_208_binary_adj	3	86.566100 	0.281400 	0.019900 
10_0.15_209_binary_adj	3	0.306700 	0.058700 	0.016300 
10_0.15_210_binary_adj	3	28.300100 	0.012300 	0.030900 
10_0.15_211_binary_adj	4	1034.145600 	0.152600 	0.096900 
10_0.15_212_binary_adj	4	25.318100 	0.019100 	0.121600 
10_0.15_213_binary_adj	4	159.007700 	1.086800 	0.065100 
10_0.15_214_binary_adj	4	30.893900 	0.035600 	0.066600 
10_0.15_215_binary_adj	4	199.613200 	0.483500 	0.064300 
10_0.15_216_binary_adj	5	2802.731600 	8.668600 	1.139300 
10_0.15_217_binary_adj	5	34809.731500 	17.957400 	0.699100 
10_0.15_218_binary_adj	5	14783.052900 	1.507900 	0.887800 
10_0.15_219_binary_adj	5	35130.641300 	14.024600 	0.399700 
10_0.15_220_binary_adj	5	3631.213500 	23.766700 	0.854300 